name: langchain
channels:
  - conda-forge
  - defaults
dependencies:
  - aiohttp=3.8.4=py310h8d17308_1
  - aiosignal=1.3.1=pyhd8ed1ab_0
  - async-timeout=4.0.2=pyhd8ed1ab_0
  - attrs=23.1.0=pyh71513ae_1
  - blas=1.0=mkl
  - brotli=1.0.9=hcfcfb64_9
  - brotli-bin=1.0.9=hcfcfb64_9
  - bzip2=1.0.8=h8ffe710_4
  - ca-certificates=2023.5.7=h56e8100_0
  - certifi=2023.5.7=pyhd8ed1ab_0
  - charset-normalizer=3.1.0=pyhd8ed1ab_0
  - colorama=0.4.6=pyhd8ed1ab_0
  - dataclasses-json=0.5.7=pyhd8ed1ab_0
  - frozenlist=1.3.3=py310h8d17308_0
  - greenlet=2.0.2=py310h00ffb61_1
  - idna=3.4=pyhd8ed1ab_0
  - intel-openmp=2023.1.0=h57928b3_46319
  - langchain=0.0.190=pyhd8ed1ab_0
  - libblas=3.9.0=12_win64_mkl
  - libbrotlicommon=1.0.9=hcfcfb64_9
  - libbrotlidec=1.0.9=hcfcfb64_9
  - libbrotlienc=1.0.9=hcfcfb64_9
  - libcblas=3.9.0=12_win64_mkl
  - libffi=3.4.2=h8ffe710_5
  - libhwloc=2.9.1=nocuda_h15da153_6
  - libiconv=1.17=h8ffe710_0
  - liblapack=3.9.0=12_win64_mkl
  - libsqlite=3.42.0=hcfcfb64_0
  - libxml2=2.11.4=hc3477c8_0
  - libzlib=1.2.13=hcfcfb64_5
  - marshmallow=3.19.0=pyhd8ed1ab_0
  - marshmallow-enum=1.5.1=pyh9f0ad1d_3
  - mkl=2021.4.0=h0e2418a_729
  - mkl-service=2.4.0=py310hcf6e17e_0
  - multidict=6.0.4=py310h8d17308_0
  - mypy_extensions=1.0.0=pyha770c72_0
  - numexpr=2.8.4=py310hd213c9f_0
  - numpy=1.25.0=py310hd02465a_0
  - openapi-schema-pydantic=1.2.4=pyhd8ed1ab_0
  - openssl=3.1.1=hcfcfb64_1
  - packaging=23.1=pyhd8ed1ab_0
  - pip=23.1.2=pyhd8ed1ab_0
  - pthreads-win32=2.9.1=hfa6e2cd_3
  - pydantic=1.10.9=py310h8d17308_0
  - pysocks=1.7.1=pyh0701188_6
  - python=3.10.12=h4de0772_0_cpython
  - python_abi=3.10=3_cp310
  - pyyaml=6.0=py310h8d17308_5
  - requests=2.31.0=pyhd8ed1ab_0
  - setuptools=68.0.0=pyhd8ed1ab_0
  - six=1.16.0=pyh6c4a22f_0
  - sqlalchemy=2.0.17=py310h8d17308_0
  - stringcase=1.2.0=py_0
  - tbb=2021.9.0=h91493d7_0
  - tenacity=8.2.2=pyhd8ed1ab_0
  - tk=8.6.12=h8ffe710_0
  - tqdm=4.65.0=pyhd8ed1ab_1
  - typing-extensions=4.6.3=hd8ed1ab_0
  - typing_extensions=4.6.3=pyha770c72_0
  - typing_inspect=0.9.0=pyhd8ed1ab_0
  - tzdata=2023c=h71feb2d_0
  - ucrt=10.0.22621.0=h57928b3_0
  - urllib3=2.0.3=pyhd8ed1ab_0
  - vc=14.3=h64f974e_16
  - vc14_runtime=14.36.32532=hfdfe4a8_16
  - vs2015_runtime=14.36.32532=h05e6639_16
  - wheel=0.40.0=pyhd8ed1ab_0
  - win_inet_pton=1.1.0=pyhd8ed1ab_6
  - xz=5.2.6=h8d14728_0
  - yaml=0.2.5=h8ffe710_2
  - yarl=1.9.2=py310h8d17308_0
  - pip:
      - blinker==1.6.2
      - click==8.1.3
      - flask==2.3.2
      - itsdangerous==2.1.2
      - jinja2==3.1.2
      - markupsafe==2.1.3
      - openai==0.27.8
      - regex==2023.6.3
      - tiktoken==0.4.0
      - werkzeug==2.3.6
